the name : sample.txt
len : 36
date : 2025-05-05 19:57:08.010519
jdate : 1404-02-15 19:57:08.10519
num of the words : 7